2   1  -0.00034859979084
3   1  -0.000414999751
4   1  -0.00028219983068
5   1  -0.00023239986056
6   1  -0.00019919988048
7   1  -0.000215796288304
8   1  -0.00023239986056
1   2  -0.000431830112953
3   2  -0.000423362855836
4   2  -0.000270952227735
5   2  -0.000203214170802
6   2  -0.000203214170802
7   2  -0.000169345142335
8   2  -0.000186279656568
1   3  -0.000329615044325
2   3  -0.000399007685235
4   3  -0.000294918723869
5   3  -0.000260222403414
6   3  -0.000225526082959
7   3  -0.000216852002845
8   3  -0.000208177922731
1   4  -0.000267883452839
2   4  -0.000232167732257
3   4  -0.000571489802479
5   4  -0.000410756461601
6   4  -0.000232167732257
7   4  -0.000250025672279
8   4  -0.000232167732257
1   5  -0.000235958217245
2   5  -0.00019965876502
3   5  -0.000490071514139
4   5  -0.000471920717319
6   5  -0.00030856354594
7   5  -0.0002722619523
8   5  -0.0002722619523
1   6  -0.000182771918922
2   6  -0.000109663151353
3   6  -0.000420375413521
4   6  -0.000237603494599
5   6  -0.000383821029737
7   6  -0.000383821029737
8   6  -0.000365543837845
1   7  -0.000218870264651
2   7  -0.000127674321046
3   7  -0.000510690298252
4   7  -0.000273582840884
5   7  -0.000273587830813
6   7  -0.000428613117385
8   7  -0.000346544585697
1   8  -0.000251794032481
2   8  -0.000269779320516
3   8  -0.00059352251114
4   8  -0.000332727828636
5   8  -0.000247297710473
6   8  -0.00028776460855
7   8  -0.000391180014748
10   9  -0.000440722785368
11   9  -0.000322066650846
12   9  -0.000254263145405
13   9  -0.000220361392684
14   9  -0.000237312269044
15   9  -0.000203407068396
16   9  -0.000186459639963
9   10  -0.000417420342285
11   10  -0.000365242799499
12   10  -0.000260887713928
13   10  -0.000208710171142
14   10  -0.00019131765688
15   10  -0.000139140114095
16   10  -0.000121747599833
9   11  -0.000389502896928
10   11  -0.000283273580312
12   11  -0.000354091975391
13   11  -0.000212455185234
14   11  -0.000159341388926
15   11  -0.000141636790156
16   11  -0.000141636790156
9   12  -0.000266932412713
10   12  -0.000302523401075
11   12  -0.000284727906894
13   12  -0.000338114389437
14   12  -0.00021354593017
15   12  -0.00021354593017
16   12  -0.00019575043599
9   13  -0.000252016129032
10   13  -0.000247515841014
11   13  -0.000270017281106
12   13  -0.000378024193548
14   13  -0.000396025345622
15   13  -0.000270017281106
16   13  -0.000234014976959
9   14  -0.000216446312296
10   14  -0.000216446312296
11   14  -0.000216446312296
12   14  -0.000234483504987
13   14  -0.000306632275753
15   14  -0.000414855431901
16   14  -0.00027055789037
9   15  -0.000234263781017
10   15  -0.000198223199322
11   15  -0.000198223199322
12   15  -0.000234263781017
13   15  -0.000270304362712
14   15  -0.000306344944407
16   15  -0.000378426107797
9   16  -0.000212464589235
10   16  -0.000194759206799
11   16  -0.000212464589235
12   16  -0.000247875354108
13   16  -0.000247875354108
14   16  -0.000300991501416
15   16  -0.000318696883853
